3847
4001
7001
8821
6367
5689
449
2339
443
5623
7489
2137
2999
3709
907
3659
1657
1619
1699
73
4643
6367
2939
2857
4363
1201
1663
863
2467
691
9533
4049
1303
6869
5483
3833
6053
8171
5987
1861
1013
6763
5399
1597
4421
5281
523
1381
2647
601
4877
5981
9901
2221
5647
3023
8311
2837
229
5569
6247
619
4871
7883
7001
9587
3581
5669
13
1291
8123
8563
2473
4987
449
6949
7643
2999
1499
5279
1439
1693
9439
7457
4721
7
9743
5197
8609
7459
4969
9013
6563
271
7817
1367
1289
9067
4597
8269
4729
3001
2161
3463
5659
6067
2437
6761
4253
4721
5563
1511
9719
9749
1823
7951
191
2521
5779
6247
7331
2843
5323
3391
23
