Отчет о файлах:
--------------------------------------------------
Файл: random_numbers.txt
Количество чисел: 1000
Размер файла: 5886 байт
Содержимое файла:
7928
2151
6906
2872
374
6340
774
4361
3694
3959
5983
9216
5383
4534
423
1141
5922
3847
6618
4001
4579
2024
912
1218
9129
8029
7001
325
5937
1355
1395
9860
6694
4941
4599
6144
8821
3958
1432
4431
6367
6049
9828
6573
9308
5539
2406
2072
2059
7707
7288
6226
939
633
5853
5904
1239
5689
3743
2345
9339
449
8424
2339
2564
6123
2523
443
9935
4278
2319
1964
2415
2187
7634
8530
2196
4338
1909
3590
5623
4929
8265
8229
4067
5168
8921
6061
9087
8695
4905
3132
216
9086
5092
5919
7624
7489
4009
3186
3017
1964
2137
7780
5389
5324
3811
8752
2999
7323
3709
6901
3780
153
6722
4411
2184
196
8272
7395
7201
6461
1355
1240
9373
9186
1748
3328
7095
1715
907
4706
329
8723
574
3659
2792
485
2840
8742
1357
170
3062
1765
4986
8004
9352
64
2365
682
3735
7428
9217
6614
5985
6555
610
897
8407
6202
3576
484
1657
1284
6417
9003
6572
5057
9579
3064
1619
1699
7355
9529
6038
7031
3400
9589
6254
1370
9834
1685
964
6413
7980
3478
5488
3715
2738
4018
3050
1896
2078
6638
5166
874
8512
1778
5348
5982
1432
4295
484
9301
9063
2037
73
9688
576
8953
3155
1020
4643
7037
6367
1892
9519
5244
3304
2939
3515
2857
2319
5561
15
9723
9620
718
4363
5165
8519
1622
4242
272
9938
5540
1201
1663
7350
5943
3405
5800
3140
3785
863
2030
7252
5040
272
3275
1354
3269
8474
2409
2467
8574
1976
4923
9287
9340
2416
9355
5325
5410
434
1534
6777
4371
7099
828
691
7857
7893
7360
9533
7715
9717
8533
4698
7984
2471
4580
446
1089
3811
5250
3148
1833
7804
1364
3564
6278
2375
8010
3528
4049
475
7729
3352
9329
5252
2881
7941
9444
2584
3497
5376
1114
2876
4752
8857
3443
225
1303
6869
7835
8910
4237
1600
5183
8385
4945
6567
5736
7263
4413
5483
9882
3833
5484
7240
1988
5182
5368
2732
9589
6639
1002
8504
314
9874
2035
8957
3053
2506
122
6053
1072
1141
5692
5139
6238
6129
8168
944
308
6314
2206
2181
8171
8014
5493
7280
7391
7511
6870
8260
4857
8571
7280
1197
7909
5733
1286
5308
6351
5987
3514
3230
7142
8360
4411
8742
8141
345
1003
5858
7014
4425
2425
3275
4434
8820
334
2300
4382
4754
1566
5541
5635
1861
1197
2501
3861
4496
7230
506
4844
2860
4593
4320
2800
8975
5038
9810
3603
6750
9138
7046
6508
1013
1246
432
6147
4005
6763
9088
5399
8985
926
1597
4421
7973
7595
5281
7164
1910
4881
3646
3115
498
1015
4154
9831
8104
475
5458
3782
523
8697
7631
5616
4520
9033
4623
615
765
6354
9855
7732
8142
5106
5858
1934
2996
9898
4827
1381
9756
2647
1694
1869
5493
3932
6010
9998
7091
601
8043
3531
1305
5306
4877
289
3294
5981
9901
8939
2972
4666
6399
5556
5026
5913
4972
5392
5156
2221
6836
8205
5647
4078
4026
7875
7003
5763
123
588
3023
4625
3524
165
8311
6325
6428
2837
229
5569
8639
7015
9997
5887
8408
5091
6247
6137
6843
9579
8959
619
4842
4871
3765
9837
7883
7227
1281
7001
3285
7531
5858
9313
5917
8346
1143
6235
7245
8701
9485
2136
5163
9587
3581
9820
8208
9760
5669
8934
1628
867
8919
543
1629
2404
9783
8652
6400
8473
8441
9201
1556
3228
2284
1108
1157
684
9970
63
3948
13
8892
8141
95
6824
5455
5254
1291
3944
1630
8123
1558
2346
5373
2419
8612
5316
7685
3513
8563
2491
9835
8771
260
285
580
1936
7304
2473
8664
7524
9789
5607
4987
1616
1975
779
449
4805
6949
4529
7362
2456
6844
319
7643
9210
7854
9864
2496
5841
2999
6457
1499
1457
178
121
7882
9810
6244
3520
7950
8817
5279
4106
8333
5951
7358
3757
445
7834
4867
2881
6564
4035
5129
7379
1928
9940
2641
1370
4081
7439
9976
2824
4525
3332
4109
3531
1439
1854
2896
638
8560
3429
6578
8544
7176
2738
1986
1693
1853
4097
9420
4662
974
119
9893
7463
6328
2798
8192
7941
7169
4875
9439
512
8840
2456
9580
5002
1842
3828
2319
8590
4938
4230
4320
3135
7457
6584
203
9189
7955
948
9516
9983
8018
5315
1850
4407
3438
6645
7203
8640
3661
4955
3468
3685
3990
6066
9704
4721
3158
6984
9850
8025
1779
830
9724
6744
5798
6758
7
9743
2596
9003
9985
6222
5358
9456
2493
3526
606
5173
1564
5197
6625
3678
4929
9982
762
635
9145
1391
6880
5482
6031
972
1098
1492
8204
7189
5590
5106
8609
6680
6639
7459
6045
4658
4969
7246
8327
4534
3573
6178
4115
7985
5420
4654
1400
8100
5901
9742
5982
5163
7612
8615
2863
7114
2972
9013
5124
3866
1252
5304
7936
5500
6563
4883
8557
9165
7633
271
5013
3515
2308
4612
7817
703
1367
8046
5551
6443
92
105
1289
5848
9124
3447
9067
8023
4597
8931
1687
5955
2123
4461
3282
8269
8242
8615
1422
537
6096
2235
468
5630
4729
2468
2855
3001
798
2161
5747
4925
3463
8680
3775
1148
4016
2088
6375
3117
5816
534
4568
8702
8584
9057
1393
7847
1330
9548
2461
2752
6624
5015
348
7857
9636
5659
1119
6656
592
6067
7226
2437
3184
6761
2493
3442
687
2135
4253
6154
2240
8304
4721
5563
7666
1766
7045
5671
1075
5008
1671
1250
9700
2995
8300
8448
8333
5918
1511
8357
970
9719
2526
9749
3308
2132
5518
1823
6564
7951
7161
9195
5295
6306
513
8319
294
4785
191
7871
8613
5447
5582
5584
4396
5977
2737
190
8460
4045
5108
4769
625
5896
5185
2521
5779
4971
2255
5535
6247
5223
9107
3124
7847
2476
5954
3394
2483
9980
8154
3549
5728
3640
9744
5522
4138
6942
5354
7331
9395
5328
3362
2520
2843
2392
8570
9399
1122
7992
2541
5323
2530
4655
1624
3391
6340
2458
7736
1921
23
9342
7707
8480
--------------------------------------------------
Файл: prime_numbers.txt
Количество чисел: 125
Размер файла: 729 байт
Содержимое файла:
3847
4001
7001
8821
6367
5689
449
2339
443
5623
7489
2137
2999
3709
907
3659
1657
1619
1699
73
4643
6367
2939
2857
4363
1201
1663
863
2467
691
9533
4049
1303
6869
5483
3833
6053
8171
5987
1861
1013
6763
5399
1597
4421
5281
523
1381
2647
601
4877
5981
9901
2221
5647
3023
8311
2837
229
5569
6247
619
4871
7883
7001
9587
3581
5669
13
1291
8123
8563
2473
4987
449
6949
7643
2999
1499
5279
1439
1693
9439
7457
4721
7
9743
5197
8609
7459
4969
9013
6563
271
7817
1367
1289
9067
4597
8269
4729
3001
2161
3463
5659
6067
2437
6761
4253
4721
5563
1511
9719
9749
1823
7951
191
2521
5779
6247
7331
2843
5323
3391
23
--------------------------------------------------
Файл: prime_numbers_7.txt
Количество чисел: 27
Размер файла: 158 байт
Содержимое файла:
3847
6367
2137
907
1657
6367
2857
2467
5987
1597
2647
4877
5647
2837
6247
9587
4987
7457
7
5197
7817
1367
9067
4597
6067
2437
6247
--------------------------------------------------
